==== R1 ====
Iteration,FP,FN,RF
0,0.058823529411764705,0.058823529411764705,0.058823529411764705
1,0.029411764705882353,0.029411764705882353,0.029411764705882353
2,0.029411764705882353,0.029411764705882353,0.029411764705882353
3,0.029411764705882353,0.029411764705882353,0.029411764705882353
4,0.029411764705882353,0.029411764705882353,0.029411764705882353
5,0.029411764705882353,0.029411764705882353,0.029411764705882353
ASTRAL,0.058823529411764705,0.058823529411764705,0.058823529411764705
==== R2 ====
Iteration,FP,FN,RF
0,0.08823529411764706,0.08823529411764706,0.08823529411764706
1,0.11764705882352941,0.11764705882352941,0.11764705882352941
2,0.08823529411764706,0.08823529411764706,0.08823529411764706
3,0.08823529411764706,0.08823529411764706,0.08823529411764706
4,0.08823529411764706,0.08823529411764706,0.08823529411764706
5,0.08823529411764706,0.08823529411764706,0.08823529411764706
ASTRAL,0.058823529411764705,0.058823529411764705,0.058823529411764705
==== R3 ====
Iteration,FP,FN,RF
0,0.058823529411764705,0.058823529411764705,0.058823529411764705
1,0.058823529411764705,0.058823529411764705,0.058823529411764705
2,0.058823529411764705,0.058823529411764705,0.058823529411764705
3,0.058823529411764705,0.058823529411764705,0.058823529411764705
4,0.058823529411764705,0.058823529411764705,0.058823529411764705
5,0.058823529411764705,0.058823529411764705,0.058823529411764705
ASTRAL,0.058823529411764705,0.058823529411764705,0.058823529411764705
==== R4 ====
Iteration,FP,FN,RF
0,0.029411764705882353,0.029411764705882353,0.029411764705882353
1,0.029411764705882353,0.029411764705882353,0.029411764705882353
2,0.0,0.029411764705882353,0.014705882352941176
3,0.0,0.029411764705882353,0.014705882352941176
4,0.0,0.029411764705882353,0.014705882352941176
5,0.0,0.029411764705882353,0.014705882352941176
ASTRAL,0.029411764705882353,0.029411764705882353,0.029411764705882353
==== R5 ====
Iteration,FP,FN,RF
0,0.08823529411764706,0.08823529411764706,0.08823529411764706
1,0.08823529411764706,0.08823529411764706,0.08823529411764706
2,0.11764705882352941,0.11764705882352941,0.11764705882352941
3,0.11764705882352941,0.11764705882352941,0.11764705882352941
4,0.11764705882352941,0.11764705882352941,0.11764705882352941
5,0.11764705882352941,0.11764705882352941,0.11764705882352941
ASTRAL,0.058823529411764705,0.058823529411764705,0.058823529411764705
==== R6 ====
Iteration,FP,FN,RF
0,0.029411764705882353,0.029411764705882353,0.029411764705882353
1,0.030303030303030304,0.058823529411764705,0.044563279857397504
2,0.058823529411764705,0.058823529411764705,0.058823529411764705
3,0.030303030303030304,0.058823529411764705,0.044563279857397504
4,0.058823529411764705,0.058823529411764705,0.058823529411764705
5,0.058823529411764705,0.058823529411764705,0.058823529411764705
ASTRAL,0.08823529411764706,0.08823529411764706,0.08823529411764706
==== R7 ====
Iteration,FP,FN,RF
0,0.11764705882352941,0.11764705882352941,0.11764705882352941
1,0.11764705882352941,0.11764705882352941,0.11764705882352941
2,0.11764705882352941,0.11764705882352941,0.11764705882352941
3,0.11764705882352941,0.11764705882352941,0.11764705882352941
4,0.11764705882352941,0.11764705882352941,0.11764705882352941
5,0.11764705882352941,0.11764705882352941,0.11764705882352941
ASTRAL,0.11764705882352941,0.11764705882352941,0.11764705882352941
==== R8 ====
Iteration,FP,FN,RF
0,0.029411764705882353,0.029411764705882353,0.029411764705882353
1,0.058823529411764705,0.058823529411764705,0.058823529411764705
2,0.030303030303030304,0.058823529411764705,0.044563279857397504
3,0.030303030303030304,0.058823529411764705,0.044563279857397504
4,0.030303030303030304,0.058823529411764705,0.044563279857397504
5,0.030303030303030304,0.058823529411764705,0.044563279857397504
ASTRAL,0.058823529411764705,0.058823529411764705,0.058823529411764705
==== R9 ====
Iteration,FP,FN,RF
0,0.11764705882352941,0.11764705882352941,0.11764705882352941
1,0.030303030303030304,0.058823529411764705,0.044563279857397504
2,0.029411764705882353,0.029411764705882353,0.029411764705882353
3,0.029411764705882353,0.029411764705882353,0.029411764705882353
4,0.029411764705882353,0.029411764705882353,0.029411764705882353
5,0.029411764705882353,0.029411764705882353,0.029411764705882353
ASTRAL,0.11764705882352941,0.11764705882352941,0.11764705882352941
==== R10 ====
Iteration,FP,FN,RF
0,0.058823529411764705,0.058823529411764705,0.058823529411764705
1,0.030303030303030304,0.058823529411764705,0.044563279857397504
2,0.030303030303030304,0.058823529411764705,0.044563279857397504
3,0.030303030303030304,0.058823529411764705,0.044563279857397504
4,0.030303030303030304,0.058823529411764705,0.044563279857397504
5,0.030303030303030304,0.058823529411764705,0.044563279857397504
ASTRAL,0.029411764705882353,0.029411764705882353,0.029411764705882353
==== R11 ====
Iteration,FP,FN,RF
0,0.08823529411764706,0.08823529411764706,0.08823529411764706
1,0.029411764705882353,0.029411764705882353,0.029411764705882353
2,0.0,0.029411764705882353,0.014705882352941176
3,0.0,0.029411764705882353,0.014705882352941176
4,0.029411764705882353,0.029411764705882353,0.029411764705882353
5,0.0,0.029411764705882353,0.014705882352941176
ASTRAL,0.058823529411764705,0.058823529411764705,0.058823529411764705
==== R12 ====
Iteration,FP,FN,RF
0,0.058823529411764705,0.058823529411764705,0.058823529411764705
1,0.029411764705882353,0.029411764705882353,0.029411764705882353
2,0.029411764705882353,0.029411764705882353,0.029411764705882353
3,0.029411764705882353,0.029411764705882353,0.029411764705882353
4,0.029411764705882353,0.029411764705882353,0.029411764705882353
5,0.06060606060606061,0.08823529411764706,0.07442067736185384
ASTRAL,0.058823529411764705,0.058823529411764705,0.058823529411764705
==== R13 ====
Iteration,FP,FN,RF
0,0.11764705882352941,0.11764705882352941,0.11764705882352941
1,0.11764705882352941,0.11764705882352941,0.11764705882352941
2,0.0625,0.11764705882352941,0.0900735294117647
3,0.0625,0.11764705882352941,0.0900735294117647
4,0.0625,0.11764705882352941,0.0900735294117647
5,0.0625,0.11764705882352941,0.0900735294117647
ASTRAL,0.11764705882352941,0.11764705882352941,0.11764705882352941
==== R14 ====
Iteration,FP,FN,RF
0,0.08823529411764706,0.08823529411764706,0.08823529411764706
1,0.0625,0.11764705882352941,0.0900735294117647
2,0.03125,0.08823529411764706,0.05974264705882353
3,0.0625,0.11764705882352941,0.0900735294117647
4,0.03125,0.08823529411764706,0.05974264705882353
5,0.0625,0.11764705882352941,0.0900735294117647
ASTRAL,0.11764705882352941,0.11764705882352941,0.11764705882352941
==== R15 ====
Iteration,FP,FN,RF
0,0.08823529411764706,0.08823529411764706,0.08823529411764706
1,0.0625,0.11764705882352941,0.0900735294117647
2,0.06060606060606061,0.08823529411764706,0.07442067736185384
3,0.06060606060606061,0.08823529411764706,0.07442067736185384
4,0.06060606060606061,0.08823529411764706,0.07442067736185384
5,0.06060606060606061,0.08823529411764706,0.07442067736185384
ASTRAL,0.058823529411764705,0.058823529411764705,0.058823529411764705
==== R16 ====
Iteration,FP,FN,RF
0,0.058823529411764705,0.058823529411764705,0.058823529411764705
1,0.058823529411764705,0.058823529411764705,0.058823529411764705
2,0.058823529411764705,0.058823529411764705,0.058823529411764705
3,0.058823529411764705,0.058823529411764705,0.058823529411764705
4,0.058823529411764705,0.058823529411764705,0.058823529411764705
5,0.058823529411764705,0.058823529411764705,0.058823529411764705
ASTRAL,0.08823529411764706,0.08823529411764706,0.08823529411764706
==== R17 ====
Iteration,FP,FN,RF
0,0.058823529411764705,0.058823529411764705,0.058823529411764705
1,0.06060606060606061,0.08823529411764706,0.07442067736185384
2,0.06060606060606061,0.08823529411764706,0.07442067736185384
3,0.058823529411764705,0.058823529411764705,0.058823529411764705
4,0.06060606060606061,0.08823529411764706,0.07442067736185384
5,0.058823529411764705,0.058823529411764705,0.058823529411764705
ASTRAL,0.08823529411764706,0.08823529411764706,0.08823529411764706
==== R18 ====
Iteration,FP,FN,RF
0,0.029411764705882353,0.029411764705882353,0.029411764705882353
1,0.0,0.0,0.0
2,0.0,0.0,0.0
3,0.0,0.0,0.0
4,0.0,0.0,0.0
5,0.0,0.0,0.0
ASTRAL,0.0,0.0,0.0
==== R19 ====
Iteration,FP,FN,RF
0,0.029411764705882353,0.029411764705882353,0.029411764705882353
1,0.029411764705882353,0.029411764705882353,0.029411764705882353
2,0.029411764705882353,0.029411764705882353,0.029411764705882353
3,0.029411764705882353,0.029411764705882353,0.029411764705882353
4,0.029411764705882353,0.029411764705882353,0.029411764705882353
5,0.029411764705882353,0.029411764705882353,0.029411764705882353
ASTRAL,0.029411764705882353,0.029411764705882353,0.029411764705882353
==== R20 ====
Iteration,FP,FN,RF
0,0.11764705882352941,0.11764705882352941,0.11764705882352941
1,0.11764705882352941,0.11764705882352941,0.11764705882352941
2,0.08823529411764706,0.08823529411764706,0.08823529411764706
3,0.08823529411764706,0.08823529411764706,0.08823529411764706
4,0.08823529411764706,0.08823529411764706,0.08823529411764706
5,0.08823529411764706,0.08823529411764706,0.08823529411764706
ASTRAL,0.11764705882352941,0.11764705882352941,0.11764705882352941
