==== 1 ====
Iteration,FP,FN,RF
0,0.029411764705882353,0.029411764705882353,0.029411764705882353
1,0.0,0.0,0.0
2,0.0,0.0,0.0
3,0.0,0.0,0.0
4,0.0,0.0,0.0
5,0.0,0.0,0.0
WQFM,0.0,0.0,0.0
ASTRAL,0.0,0.0,0.0
==== 2 ====
Iteration,FP,FN,RF
0,0.0,0.0,0.0
1,0.0,0.0,0.0
2,0.0,0.0,0.0
3,0.0,0.0,0.0
4,0.0,0.0,0.0
5,0.0,0.0,0.0
WQFM,0.0,0.0,0.0
ASTRAL,0.0,0.0,0.0
==== 3 ====
Iteration,FP,FN,RF
0,0.029411764705882353,0.029411764705882353,0.029411764705882353
1,0.0,0.029411764705882353,0.014705882352941176
2,0.0,0.029411764705882353,0.014705882352941176
3,0.0,0.029411764705882353,0.014705882352941176
4,0.0,0.029411764705882353,0.014705882352941176
5,0.0,0.029411764705882353,0.014705882352941176
WQFM,0.0,0.0,0.0
ASTRAL,0.0,0.0,0.0
==== 4 ====
Iteration,FP,FN,RF
0,0.0,0.0,0.0
1,0.0,0.0,0.0
2,0.0,0.0,0.0
3,0.0,0.0,0.0
4,0.0,0.0,0.0
5,0.0,0.0,0.0
WQFM,0.0,0.0,0.0
ASTRAL,0.0,0.0,0.0
==== 5 ====
Iteration,FP,FN,RF
0,0.058823529411764705,0.058823529411764705,0.058823529411764705
1,0.058823529411764705,0.058823529411764705,0.058823529411764705
2,0.058823529411764705,0.058823529411764705,0.058823529411764705
3,0.058823529411764705,0.058823529411764705,0.058823529411764705
4,0.058823529411764705,0.058823529411764705,0.058823529411764705
5,0.058823529411764705,0.058823529411764705,0.058823529411764705
WQFM,0.058823529411764705,0.058823529411764705,0.058823529411764705
ASTRAL,0.058823529411764705,0.058823529411764705,0.058823529411764705
==== 6 ====
Iteration,FP,FN,RF
0,0.0,0.0,0.0
1,0.0,0.0,0.0
2,0.0,0.0,0.0
3,0.0,0.0,0.0
4,0.0,0.0,0.0
5,0.0,0.0,0.0
WQFM,0.0,0.0,0.0
ASTRAL,0.0,0.0,0.0
==== 7 ====
Iteration,FP,FN,RF
0,0.029411764705882353,0.029411764705882353,0.029411764705882353
1,0.029411764705882353,0.029411764705882353,0.029411764705882353
2,0.029411764705882353,0.029411764705882353,0.029411764705882353
3,0.029411764705882353,0.029411764705882353,0.029411764705882353
4,0.029411764705882353,0.029411764705882353,0.029411764705882353
5,0.029411764705882353,0.029411764705882353,0.029411764705882353
WQFM,0.029411764705882353,0.029411764705882353,0.029411764705882353
ASTRAL,0.058823529411764705,0.058823529411764705,0.058823529411764705
==== 8 ====
Iteration,FP,FN,RF
0,0.08823529411764706,0.08823529411764706,0.08823529411764706
1,0.029411764705882353,0.029411764705882353,0.029411764705882353
2,0.029411764705882353,0.029411764705882353,0.029411764705882353
3,0.029411764705882353,0.029411764705882353,0.029411764705882353
4,0.029411764705882353,0.029411764705882353,0.029411764705882353
5,0.029411764705882353,0.029411764705882353,0.029411764705882353
WQFM,0.029411764705882353,0.029411764705882353,0.029411764705882353
ASTRAL,0.029411764705882353,0.029411764705882353,0.029411764705882353
==== 9 ====
Iteration,FP,FN,RF
0,0.029411764705882353,0.029411764705882353,0.029411764705882353
1,0.0,0.0,0.0
2,0.0,0.0,0.0
3,0.0,0.0,0.0
4,0.0,0.0,0.0
5,0.0,0.0,0.0
WQFM,0.0,0.0,0.0
ASTRAL,0.029411764705882353,0.029411764705882353,0.029411764705882353
==== 10 ====
Iteration,FP,FN,RF
0,0.058823529411764705,0.058823529411764705,0.058823529411764705
1,0.029411764705882353,0.029411764705882353,0.029411764705882353
2,0.029411764705882353,0.029411764705882353,0.029411764705882353
3,0.029411764705882353,0.029411764705882353,0.029411764705882353
4,0.029411764705882353,0.029411764705882353,0.029411764705882353
5,0.029411764705882353,0.029411764705882353,0.029411764705882353
WQFM,0.029411764705882353,0.029411764705882353,0.029411764705882353
ASTRAL,0.029411764705882353,0.029411764705882353,0.029411764705882353
==== 11 ====
Iteration,FP,FN,RF
0,0.0,0.0,0.0
1,0.0,0.0,0.0
2,0.0,0.0,0.0
3,0.0,0.0,0.0
4,0.0,0.0,0.0
5,0.0,0.0,0.0
WQFM,0.0,0.0,0.0
ASTRAL,0.0,0.0,0.0
==== 12 ====
Iteration,FP,FN,RF
0,0.0,0.0,0.0
1,0.0,0.0,0.0
2,0.0,0.0,0.0
3,0.0,0.0,0.0
4,0.0,0.0,0.0
5,0.0,0.0,0.0
WQFM,0.0,0.0,0.0
ASTRAL,0.029411764705882353,0.029411764705882353,0.029411764705882353
==== 13 ====
Iteration,FP,FN,RF
0,0.058823529411764705,0.058823529411764705,0.058823529411764705
1,0.058823529411764705,0.058823529411764705,0.058823529411764705
2,0.058823529411764705,0.058823529411764705,0.058823529411764705
3,0.058823529411764705,0.058823529411764705,0.058823529411764705
4,0.058823529411764705,0.058823529411764705,0.058823529411764705
5,0.058823529411764705,0.058823529411764705,0.058823529411764705
WQFM,0.058823529411764705,0.058823529411764705,0.058823529411764705
ASTRAL,0.058823529411764705,0.058823529411764705,0.058823529411764705
==== 14 ====
Iteration,FP,FN,RF
0,0.058823529411764705,0.058823529411764705,0.058823529411764705
1,0.029411764705882353,0.029411764705882353,0.029411764705882353
2,0.029411764705882353,0.029411764705882353,0.029411764705882353
3,0.029411764705882353,0.029411764705882353,0.029411764705882353
4,0.029411764705882353,0.029411764705882353,0.029411764705882353
5,0.029411764705882353,0.029411764705882353,0.029411764705882353
WQFM,0.029411764705882353,0.029411764705882353,0.029411764705882353
ASTRAL,0.029411764705882353,0.029411764705882353,0.029411764705882353
==== 15 ====
Iteration,FP,FN,RF
0,0.029411764705882353,0.029411764705882353,0.029411764705882353
1,0.0,0.0,0.0
2,0.0,0.0,0.0
3,0.0,0.0,0.0
4,0.0,0.0,0.0
5,0.0,0.0,0.0
WQFM,0.0,0.0,0.0
ASTRAL,0.029411764705882353,0.029411764705882353,0.029411764705882353
==== 16 ====
Iteration,FP,FN,RF
0,0.058823529411764705,0.058823529411764705,0.058823529411764705
1,0.029411764705882353,0.029411764705882353,0.029411764705882353
2,0.029411764705882353,0.029411764705882353,0.029411764705882353
3,0.029411764705882353,0.029411764705882353,0.029411764705882353
4,0.029411764705882353,0.029411764705882353,0.029411764705882353
5,0.029411764705882353,0.029411764705882353,0.029411764705882353
WQFM,0.029411764705882353,0.029411764705882353,0.029411764705882353
ASTRAL,0.029411764705882353,0.029411764705882353,0.029411764705882353
==== 17 ====
Iteration,FP,FN,RF
0,0.058823529411764705,0.058823529411764705,0.058823529411764705
1,0.029411764705882353,0.029411764705882353,0.029411764705882353
2,0.029411764705882353,0.029411764705882353,0.029411764705882353
3,0.029411764705882353,0.029411764705882353,0.029411764705882353
4,0.029411764705882353,0.029411764705882353,0.029411764705882353
5,0.029411764705882353,0.029411764705882353,0.029411764705882353
WQFM,0.029411764705882353,0.029411764705882353,0.029411764705882353
ASTRAL,0.029411764705882353,0.029411764705882353,0.029411764705882353
==== 18 ====
Iteration,FP,FN,RF
0,0.0,0.0,0.0
1,0.0,0.0,0.0
2,0.0,0.0,0.0
3,0.0,0.0,0.0
4,0.0,0.0,0.0
5,0.0,0.0,0.0
WQFM,0.0,0.0,0.0
ASTRAL,0.0,0.0,0.0
==== 19 ====
Iteration,FP,FN,RF
0,0.029411764705882353,0.029411764705882353,0.029411764705882353
1,0.0,0.0,0.0
2,0.0,0.0,0.0
3,0.0,0.0,0.0
4,0.0,0.0,0.0
5,0.0,0.0,0.0
WQFM,0.0,0.0,0.0
ASTRAL,0.0,0.0,0.0
==== 20 ====
Iteration,FP,FN,RF
0,0.058823529411764705,0.058823529411764705,0.058823529411764705
1,0.0,0.0,0.0
2,0.0,0.0,0.0
3,0.0,0.0,0.0
4,0.0,0.0,0.0
5,0.0,0.0,0.0
WQFM,0.0,0.0,0.0
ASTRAL,0.029411764705882353,0.029411764705882353,0.029411764705882353
