==== 1 ====
Iteration,FP,FN,RF
0,0.08823529411764706,0.08823529411764706,0.08823529411764706
1,0.06060606060606061,0.08823529411764706,0.07442067736185384
2,0.06060606060606061,0.08823529411764706,0.07442067736185384
3,0.06060606060606061,0.08823529411764706,0.07442067736185384
4,0.06060606060606061,0.08823529411764706,0.07442067736185384
5,0.06060606060606061,0.08823529411764706,0.07442067736185384
WQFM,ASTRAL,0.08823529411764706,0.08823529411764706,0.08823529411764706
==== 2 ====
Iteration,FP,FN,RF
0,0.058823529411764705,0.058823529411764705,0.058823529411764705
1,0.029411764705882353,0.029411764705882353,0.029411764705882353
2,0.0,0.0,0.0
3,0.0,0.0,0.0
4,0.0,0.0,0.0
5,0.0,0.0,0.0
WQFM,ASTRAL,0.0,0.0,0.0
==== 3 ====
Iteration,FP,FN,RF
0,0.058823529411764705,0.058823529411764705,0.058823529411764705
1,0.0,0.029411764705882353,0.014705882352941176
2,0.0,0.029411764705882353,0.014705882352941176
3,0.0,0.029411764705882353,0.014705882352941176
4,0.0,0.029411764705882353,0.014705882352941176
5,0.0,0.029411764705882353,0.014705882352941176
WQFM,ASTRAL,0.058823529411764705,0.058823529411764705,0.058823529411764705
==== 4 ====
Iteration,FP,FN,RF
0,0.029411764705882353,0.029411764705882353,0.029411764705882353
1,0.08823529411764706,0.08823529411764706,0.08823529411764706
2,0.09090909090909091,0.11764705882352941,0.10427807486631016
3,0.08823529411764706,0.08823529411764706,0.08823529411764706
4,0.09090909090909091,0.11764705882352941,0.10427807486631016
5,0.08823529411764706,0.08823529411764706,0.08823529411764706
WQFM,ASTRAL,0.029411764705882353,0.029411764705882353,0.029411764705882353
==== 5 ====
Iteration,FP,FN,RF
0,0.058823529411764705,0.058823529411764705,0.058823529411764705
1,0.058823529411764705,0.058823529411764705,0.058823529411764705
2,0.058823529411764705,0.058823529411764705,0.058823529411764705
3,0.058823529411764705,0.058823529411764705,0.058823529411764705
4,0.058823529411764705,0.058823529411764705,0.058823529411764705
5,0.058823529411764705,0.058823529411764705,0.058823529411764705
WQFM,ASTRAL,0.058823529411764705,0.058823529411764705,0.058823529411764705
==== 6 ====
Iteration,FP,FN,RF
0,0.11764705882352941,0.11764705882352941,0.11764705882352941
1,0.06060606060606061,0.08823529411764706,0.07442067736185384
2,0.058823529411764705,0.058823529411764705,0.058823529411764705
3,0.058823529411764705,0.058823529411764705,0.058823529411764705
4,0.058823529411764705,0.058823529411764705,0.058823529411764705
5,0.058823529411764705,0.058823529411764705,0.058823529411764705
WQFM,ASTRAL,0.058823529411764705,0.058823529411764705,0.058823529411764705
==== 7 ====
Iteration,FP,FN,RF
0,0.08823529411764706,0.08823529411764706,0.08823529411764706
1,0.030303030303030304,0.058823529411764705,0.044563279857397504
2,0.030303030303030304,0.058823529411764705,0.044563279857397504
3,0.030303030303030304,0.058823529411764705,0.044563279857397504
4,0.030303030303030304,0.058823529411764705,0.044563279857397504
5,0.030303030303030304,0.058823529411764705,0.044563279857397504
WQFM,ASTRAL,0.08823529411764706,0.08823529411764706,0.08823529411764706
==== 8 ====
Iteration,FP,FN,RF
0,0.08823529411764706,0.08823529411764706,0.08823529411764706
1,0.029411764705882353,0.029411764705882353,0.029411764705882353
2,0.029411764705882353,0.029411764705882353,0.029411764705882353
3,0.029411764705882353,0.029411764705882353,0.029411764705882353
4,0.029411764705882353,0.029411764705882353,0.029411764705882353
5,0.029411764705882353,0.029411764705882353,0.029411764705882353
WQFM,ASTRAL,0.08823529411764706,0.08823529411764706,0.08823529411764706
==== 9 ====
Iteration,FP,FN,RF
0,0.11764705882352941,0.11764705882352941,0.11764705882352941
1,0.029411764705882353,0.029411764705882353,0.029411764705882353
2,0.029411764705882353,0.029411764705882353,0.029411764705882353
3,0.029411764705882353,0.029411764705882353,0.029411764705882353
4,0.029411764705882353,0.029411764705882353,0.029411764705882353
5,0.029411764705882353,0.029411764705882353,0.029411764705882353
WQFM,ASTRAL,0.08823529411764706,0.08823529411764706,0.08823529411764706
==== 10 ====
Iteration,FP,FN,RF
0,0.08823529411764706,0.08823529411764706,0.08823529411764706
1,0.0625,0.11764705882352941,0.0900735294117647
2,0.03125,0.08823529411764706,0.05974264705882353
3,0.030303030303030304,0.058823529411764705,0.044563279857397504
4,0.030303030303030304,0.058823529411764705,0.044563279857397504
5,0.030303030303030304,0.058823529411764705,0.044563279857397504
WQFM,ASTRAL,0.08823529411764706,0.08823529411764706,0.08823529411764706
==== 11 ====
Iteration,FP,FN,RF
0,0.058823529411764705,0.058823529411764705,0.058823529411764705
1,0.029411764705882353,0.029411764705882353,0.029411764705882353
2,0.029411764705882353,0.029411764705882353,0.029411764705882353
3,0.029411764705882353,0.029411764705882353,0.029411764705882353
4,0.029411764705882353,0.029411764705882353,0.029411764705882353
5,0.029411764705882353,0.029411764705882353,0.029411764705882353
WQFM,ASTRAL,0.029411764705882353,0.029411764705882353,0.029411764705882353
==== 12 ====
Iteration,FP,FN,RF
0,0.029411764705882353,0.029411764705882353,0.029411764705882353
1,0.0,0.029411764705882353,0.014705882352941176
2,0.029411764705882353,0.029411764705882353,0.029411764705882353
3,0.029411764705882353,0.029411764705882353,0.029411764705882353
4,0.029411764705882353,0.029411764705882353,0.029411764705882353
5,0.029411764705882353,0.029411764705882353,0.029411764705882353
WQFM,ASTRAL,0.029411764705882353,0.029411764705882353,0.029411764705882353
==== 13 ====
Iteration,FP,FN,RF
0,0.08823529411764706,0.08823529411764706,0.08823529411764706
1,0.0,0.058823529411764705,0.029411764705882353
2,0.0625,0.11764705882352941,0.0900735294117647
3,0.0,0.0,0.0
4,0.0,0.029411764705882353,0.014705882352941176
5,0.0,0.058823529411764705,0.029411764705882353
WQFM,ASTRAL,0.11764705882352941,0.11764705882352941,0.11764705882352941
==== 14 ====
Iteration,FP,FN,RF
0,0.08823529411764706,0.08823529411764706,0.08823529411764706
1,0.029411764705882353,0.029411764705882353,0.029411764705882353
2,0.030303030303030304,0.058823529411764705,0.044563279857397504
3,0.030303030303030304,0.058823529411764705,0.044563279857397504
4,0.030303030303030304,0.058823529411764705,0.044563279857397504
5,0.030303030303030304,0.058823529411764705,0.044563279857397504
WQFM,ASTRAL,0.08823529411764706,0.08823529411764706,0.08823529411764706
==== 15 ====
Iteration,FP,FN,RF
0,0.14705882352941177,0.14705882352941177,0.14705882352941177
1,0.11764705882352941,0.11764705882352941,0.11764705882352941
2,0.09090909090909091,0.11764705882352941,0.10427807486631016
3,0.11764705882352941,0.11764705882352941,0.11764705882352941
4,0.11764705882352941,0.11764705882352941,0.11764705882352941
5,0.11764705882352941,0.11764705882352941,0.11764705882352941
WQFM,ASTRAL,0.14705882352941177,0.14705882352941177,0.14705882352941177
==== 16 ====
Iteration,FP,FN,RF
0,0.08823529411764706,0.08823529411764706,0.08823529411764706
1,0.030303030303030304,0.058823529411764705,0.044563279857397504
2,0.030303030303030304,0.058823529411764705,0.044563279857397504
3,0.030303030303030304,0.058823529411764705,0.044563279857397504
4,0.030303030303030304,0.058823529411764705,0.044563279857397504
5,0.030303030303030304,0.058823529411764705,0.044563279857397504
WQFM,ASTRAL,0.058823529411764705,0.058823529411764705,0.058823529411764705
==== 17 ====
Iteration,FP,FN,RF
0,0.11764705882352941,0.11764705882352941,0.11764705882352941
1,0.058823529411764705,0.058823529411764705,0.058823529411764705
2,0.058823529411764705,0.058823529411764705,0.058823529411764705
3,0.058823529411764705,0.058823529411764705,0.058823529411764705
4,0.058823529411764705,0.058823529411764705,0.058823529411764705
5,0.058823529411764705,0.058823529411764705,0.058823529411764705
WQFM,ASTRAL,0.058823529411764705,0.058823529411764705,0.058823529411764705
==== 18 ====
Iteration,FP,FN,RF
0,0.058823529411764705,0.058823529411764705,0.058823529411764705
1,0.029411764705882353,0.029411764705882353,0.029411764705882353
2,0.029411764705882353,0.029411764705882353,0.029411764705882353
3,0.030303030303030304,0.058823529411764705,0.044563279857397504
4,0.030303030303030304,0.058823529411764705,0.044563279857397504
5,0.030303030303030304,0.058823529411764705,0.044563279857397504
WQFM,ASTRAL,0.029411764705882353,0.029411764705882353,0.029411764705882353
==== 19 ====
Iteration,FP,FN,RF
0,0.058823529411764705,0.058823529411764705,0.058823529411764705
1,0.029411764705882353,0.029411764705882353,0.029411764705882353
2,0.029411764705882353,0.029411764705882353,0.029411764705882353
3,0.029411764705882353,0.029411764705882353,0.029411764705882353
4,0.029411764705882353,0.029411764705882353,0.029411764705882353
5,0.029411764705882353,0.029411764705882353,0.029411764705882353
WQFM,ASTRAL,0.0,0.0,0.0
==== 20 ====
Iteration,FP,FN,RF
0,0.058823529411764705,0.058823529411764705,0.058823529411764705
1,0.029411764705882353,0.029411764705882353,0.029411764705882353
2,0.029411764705882353,0.029411764705882353,0.029411764705882353
3,0.03125,0.08823529411764706,0.05974264705882353
4,0.029411764705882353,0.029411764705882353,0.029411764705882353
5,0.03125,0.08823529411764706,0.05974264705882353
WQFM,ASTRAL,0.058823529411764705,0.058823529411764705,0.058823529411764705
