==== R1 ====
Iteration,FP,FN,RF
0,0.0,0.0,0.0
1,0.0,0.0,0.0
2,0.0,0.0,0.0
3,0.0,0.0,0.0
4,0.0,0.0,0.0
5,0.0,0.0,0.0
ASTRAL,0.0,0.0,0.0
==== R2 ====
Iteration,FP,FN,RF
0,0.029411764705882353,0.029411764705882353,0.029411764705882353
1,0.0,0.0,0.0
2,0.0,0.0,0.0
3,0.0,0.0,0.0
4,0.0,0.0,0.0
5,0.0,0.0,0.0
ASTRAL,0.0,0.0,0.0
==== R3 ====
Iteration,FP,FN,RF
0,0.0,0.0,0.0
1,0.0,0.0,0.0
2,0.0,0.0,0.0
3,0.0,0.0,0.0
4,0.0,0.0,0.0
5,0.0,0.0,0.0
ASTRAL,0.0,0.0,0.0
==== R4 ====
Iteration,FP,FN,RF
0,0.029411764705882353,0.029411764705882353,0.029411764705882353
1,0.0,0.0,0.0
2,0.0,0.0,0.0
3,0.0,0.029411764705882353,0.014705882352941176
4,0.0,0.029411764705882353,0.014705882352941176
5,0.0,0.029411764705882353,0.014705882352941176
ASTRAL,0.029411764705882353,0.029411764705882353,0.029411764705882353
==== R5 ====
Iteration,FP,FN,RF
0,0.0,0.0,0.0
1,0.0,0.0,0.0
2,0.0,0.0,0.0
3,0.0,0.0,0.0
4,0.0,0.0,0.0
5,0.0,0.0,0.0
ASTRAL,0.0,0.0,0.0
==== R6 ====
Iteration,FP,FN,RF
0,0.029411764705882353,0.029411764705882353,0.029411764705882353
1,0.029411764705882353,0.029411764705882353,0.029411764705882353
2,0.029411764705882353,0.029411764705882353,0.029411764705882353
3,0.029411764705882353,0.029411764705882353,0.029411764705882353
4,0.029411764705882353,0.029411764705882353,0.029411764705882353
5,0.029411764705882353,0.029411764705882353,0.029411764705882353
ASTRAL,0.029411764705882353,0.029411764705882353,0.029411764705882353
==== R7 ====
Iteration,FP,FN,RF
0,0.029411764705882353,0.029411764705882353,0.029411764705882353
1,0.0,0.0,0.0
2,0.0,0.0,0.0
3,0.0,0.0,0.0
4,0.0,0.0,0.0
5,0.0,0.0,0.0
ASTRAL,0.0,0.0,0.0
==== R8 ====
Iteration,FP,FN,RF
0,0.029411764705882353,0.029411764705882353,0.029411764705882353
1,0.0,0.0,0.0
2,0.0,0.0,0.0
3,0.0,0.0,0.0
4,0.0,0.0,0.0
5,0.0,0.0,0.0
ASTRAL,0.0,0.0,0.0
==== R9 ====
Iteration,FP,FN,RF
0,0.0,0.0,0.0
1,0.0,0.0,0.0
2,0.0,0.0,0.0
3,0.0,0.0,0.0
4,0.0,0.0,0.0
5,0.0,0.0,0.0
ASTRAL,0.0,0.0,0.0
==== R10 ====
Iteration,FP,FN,RF
0,0.058823529411764705,0.058823529411764705,0.058823529411764705
1,0.029411764705882353,0.029411764705882353,0.029411764705882353
2,0.029411764705882353,0.029411764705882353,0.029411764705882353
3,0.029411764705882353,0.029411764705882353,0.029411764705882353
4,0.029411764705882353,0.029411764705882353,0.029411764705882353
5,0.029411764705882353,0.029411764705882353,0.029411764705882353
ASTRAL,0.029411764705882353,0.029411764705882353,0.029411764705882353
==== R11 ====
Iteration,FP,FN,RF
0,0.029411764705882353,0.029411764705882353,0.029411764705882353
1,0.0,0.0,0.0
2,0.0,0.0,0.0
3,0.0,0.0,0.0
4,0.0,0.0,0.0
5,0.0,0.0,0.0
ASTRAL,0.0,0.0,0.0
==== R12 ====
Iteration,FP,FN,RF
0,0.0,0.0,0.0
1,0.0,0.0,0.0
2,0.0,0.0,0.0
3,0.0,0.0,0.0
4,0.0,0.0,0.0
5,0.0,0.0,0.0
ASTRAL,0.0,0.0,0.0
==== R13 ====
Iteration,FP,FN,RF
0,0.029411764705882353,0.029411764705882353,0.029411764705882353
1,0.0,0.0,0.0
2,0.0,0.0,0.0
3,0.0,0.0,0.0
4,0.0,0.0,0.0
5,0.0,0.0,0.0
ASTRAL,0.0,0.0,0.0
==== R14 ====
Iteration,FP,FN,RF
0,0.0,0.0,0.0
1,0.0,0.0,0.0
2,0.0,0.0,0.0
3,0.0,0.0,0.0
4,0.0,0.0,0.0
5,0.0,0.0,0.0
ASTRAL,0.0,0.0,0.0
==== R15 ====
Iteration,FP,FN,RF
0,0.0,0.0,0.0
1,0.0,0.0,0.0
2,0.0,0.0,0.0
3,0.0,0.0,0.0
4,0.0,0.0,0.0
5,0.0,0.0,0.0
ASTRAL,0.0,0.0,0.0
==== R16 ====
Iteration,FP,FN,RF
0,0.058823529411764705,0.058823529411764705,0.058823529411764705
1,0.0,0.0,0.0
2,0.0,0.0,0.0
3,0.0,0.0,0.0
4,0.0,0.0,0.0
5,0.0,0.0,0.0
ASTRAL,0.029411764705882353,0.029411764705882353,0.029411764705882353
==== R17 ====
Iteration,FP,FN,RF
0,0.029411764705882353,0.029411764705882353,0.029411764705882353
1,0.0,0.0,0.0
2,0.0,0.0,0.0
3,0.0,0.0,0.0
4,0.0,0.0,0.0
5,0.0,0.0,0.0
ASTRAL,0.0,0.0,0.0
==== R18 ====
Iteration,FP,FN,RF
0,0.0,0.0,0.0
1,0.0,0.0,0.0
2,0.0,0.0,0.0
3,0.0,0.0,0.0
4,0.0,0.0,0.0
5,0.0,0.0,0.0
ASTRAL,0.0,0.0,0.0
==== R19 ====
Iteration,FP,FN,RF
0,0.0,0.0,0.0
1,0.0,0.0,0.0
2,0.0,0.0,0.0
3,0.0,0.0,0.0
4,0.0,0.0,0.0
5,0.0,0.0,0.0
ASTRAL,0.0,0.0,0.0
==== R20 ====
Iteration,FP,FN,RF
0,0.0,0.0,0.0
1,0.0,0.0,0.0
2,0.0,0.0,0.0
3,0.0,0.0,0.0
4,0.0,0.0,0.0
5,0.0,0.0,0.0
ASTRAL,0.029411764705882353,0.029411764705882353,0.029411764705882353
