==== 01 ====
Iteration,FP,FN,RF
0,0.020833333333333332,0.020833333333333332,0.020833333333333332
1,0.020833333333333332,0.020833333333333332,0.020833333333333332
2,0.020833333333333332,0.020833333333333332,0.020833333333333332
3,0.020833333333333332,0.020833333333333332,0.020833333333333332
4,0.020833333333333332,0.020833333333333332,0.020833333333333332
5,0.020833333333333332,0.020833333333333332,0.020833333333333332
ASTRAL,0.020833333333333332,0.020833333333333332,0.020833333333333332
==== 02 ====
Iteration,FP,FN,RF
0,0.020833333333333332,0.020833333333333332,0.020833333333333332
1,0.0,0.0,0.0
2,0.0,0.0,0.0
3,0.0,0.0,0.0
4,0.0,0.0,0.0
5,0.0,0.0,0.0
ASTRAL,0.0,0.0,0.0
==== 03 ====
Iteration,FP,FN,RF
0,0.0,0.0,0.0
1,0.0,0.0,0.0
2,0.0,0.0,0.0
3,0.0,0.0,0.0
4,0.0,0.0,0.0
5,0.0,0.0,0.0
ASTRAL,0.0,0.0,0.0
==== 04 ====
Iteration,FP,FN,RF
0,0.020833333333333332,0.020833333333333332,0.020833333333333332
1,0.0,0.0,0.0
2,0.0,0.0,0.0
3,0.0,0.0,0.0
4,0.0,0.0,0.0
5,0.0,0.0,0.0
ASTRAL,0.0,0.0,0.0
==== 05 ====
Iteration,FP,FN,RF
0,0.0,0.0,0.0
1,0.0,0.020833333333333332,0.010416666666666666
2,0.0,0.020833333333333332,0.010416666666666666
3,0.0,0.020833333333333332,0.010416666666666666
4,0.0,0.020833333333333332,0.010416666666666666
5,0.0,0.020833333333333332,0.010416666666666666
ASTRAL,0.0,0.0,0.0
==== 06 ====
Iteration,FP,FN,RF
0,0.041666666666666664,0.041666666666666664,0.041666666666666664
1,0.020833333333333332,0.020833333333333332,0.020833333333333332
2,0.020833333333333332,0.020833333333333332,0.020833333333333332
3,0.020833333333333332,0.020833333333333332,0.020833333333333332
4,0.020833333333333332,0.020833333333333332,0.020833333333333332
5,0.020833333333333332,0.020833333333333332,0.020833333333333332
ASTRAL,0.0625,0.0625,0.0625
==== 07 ====
Iteration,FP,FN,RF
0,0.020833333333333332,0.020833333333333332,0.020833333333333332
1,0.0,0.0,0.0
2,0.0,0.0,0.0
3,0.0,0.0,0.0
4,0.0,0.0,0.0
5,0.0,0.0,0.0
ASTRAL,0.020833333333333332,0.020833333333333332,0.020833333333333332
==== 08 ====
Iteration,FP,FN,RF
0,0.0,0.0,0.0
1,0.0,0.0,0.0
2,0.0,0.0,0.0
3,0.0,0.0,0.0
4,0.0,0.0,0.0
5,0.0,0.0,0.0
ASTRAL,0.0,0.0,0.0
==== 09 ====
Iteration,FP,FN,RF
0,0.020833333333333332,0.020833333333333332,0.020833333333333332
1,0.020833333333333332,0.020833333333333332,0.020833333333333332
2,0.020833333333333332,0.020833333333333332,0.020833333333333332
3,0.020833333333333332,0.020833333333333332,0.020833333333333332
4,0.020833333333333332,0.020833333333333332,0.020833333333333332
5,0.020833333333333332,0.020833333333333332,0.020833333333333332
ASTRAL,0.020833333333333332,0.020833333333333332,0.020833333333333332
==== 10 ====
Iteration,FP,FN,RF
0,0.041666666666666664,0.041666666666666664,0.041666666666666664
1,0.041666666666666664,0.041666666666666664,0.041666666666666664
2,0.041666666666666664,0.041666666666666664,0.041666666666666664
3,0.041666666666666664,0.041666666666666664,0.041666666666666664
4,0.041666666666666664,0.041666666666666664,0.041666666666666664
5,0.041666666666666664,0.041666666666666664,0.041666666666666664
ASTRAL,0.041666666666666664,0.041666666666666664,0.041666666666666664
==== 11 ====
Iteration,FP,FN,RF
0,0.0,0.0,0.0
1,0.0,0.020833333333333332,0.010416666666666666
2,0.0,0.020833333333333332,0.010416666666666666
3,0.0,0.020833333333333332,0.010416666666666666
4,0.0,0.020833333333333332,0.010416666666666666
5,0.0,0.020833333333333332,0.010416666666666666
ASTRAL,0.0,0.0,0.0
==== 12 ====
Iteration,FP,FN,RF
0,0.020833333333333332,0.020833333333333332,0.020833333333333332
1,0.020833333333333332,0.020833333333333332,0.020833333333333332
2,0.020833333333333332,0.020833333333333332,0.020833333333333332
3,0.020833333333333332,0.020833333333333332,0.020833333333333332
4,0.020833333333333332,0.020833333333333332,0.020833333333333332
5,0.020833333333333332,0.020833333333333332,0.020833333333333332
ASTRAL,0.020833333333333332,0.020833333333333332,0.020833333333333332
==== 13 ====
Iteration,FP,FN,RF
0,0.020833333333333332,0.020833333333333332,0.020833333333333332
1,0.0,0.0,0.0
2,0.0,0.0,0.0
3,0.0,0.0,0.0
4,0.0,0.0,0.0
5,0.0,0.0,0.0
ASTRAL,0.0,0.0,0.0
==== 14 ====
Iteration,FP,FN,RF
0,0.0,0.0,0.0
1,0.0,0.020833333333333332,0.010416666666666666
2,0.0,0.020833333333333332,0.010416666666666666
3,0.0,0.020833333333333332,0.010416666666666666
4,0.0,0.020833333333333332,0.010416666666666666
5,0.0,0.020833333333333332,0.010416666666666666
ASTRAL,0.0,0.0,0.0
==== 15 ====
Iteration,FP,FN,RF
0,0.020833333333333332,0.020833333333333332,0.020833333333333332
1,0.020833333333333332,0.020833333333333332,0.020833333333333332
2,0.020833333333333332,0.020833333333333332,0.020833333333333332
3,0.020833333333333332,0.020833333333333332,0.020833333333333332
4,0.020833333333333332,0.020833333333333332,0.020833333333333332
5,0.020833333333333332,0.020833333333333332,0.020833333333333332
ASTRAL,0.020833333333333332,0.020833333333333332,0.020833333333333332
==== 16 ====
Iteration,FP,FN,RF
0,0.0,0.0,0.0
1,0.0,0.0,0.0
2,0.0,0.0,0.0
3,0.0,0.0,0.0
4,0.0,0.0,0.0
5,0.0,0.0,0.0
ASTRAL,0.0,0.0,0.0
==== 17 ====
Iteration,FP,FN,RF
0,0.0,0.0,0.0
1,0.0,0.0,0.0
2,0.0,0.0,0.0
3,0.0,0.0,0.0
4,0.0,0.0,0.0
5,0.0,0.0,0.0
ASTRAL,0.0,0.0,0.0
==== 18 ====
Iteration,FP,FN,RF
0,0.020833333333333332,0.020833333333333332,0.020833333333333332
1,0.0,0.020833333333333332,0.010416666666666666
2,0.0,0.0,0.0
3,0.0,0.0,0.0
4,0.0,0.0,0.0
5,0.0,0.0,0.0
ASTRAL,0.0,0.0,0.0
==== 19 ====
Iteration,FP,FN,RF
0,0.0,0.0,0.0
1,0.0,0.0,0.0
2,0.0,0.0,0.0
3,0.0,0.0,0.0
4,0.0,0.0,0.0
5,0.0,0.0,0.0
ASTRAL,0.0,0.0,0.0
==== 20 ====
Iteration,FP,FN,RF
0,0.020833333333333332,0.020833333333333332,0.020833333333333332
1,0.0,0.0,0.0
2,0.0,0.0,0.0
3,0.0,0.0,0.0
4,0.0,0.0,0.0
5,0.0,0.0,0.0
ASTRAL,0.0,0.0,0.0
