==== 01 ====
Iteration,FP,FN,RF
0,0.02040816326530612,0.02040816326530612,0.02040816326530612
1,0.02040816326530612,0.02040816326530612,0.02040816326530612
2,0.02040816326530612,0.02040816326530612,0.02040816326530612
3,0.02040816326530612,0.02040816326530612,0.02040816326530612
4,0.02040816326530612,0.02040816326530612,0.02040816326530612
5,0.02040816326530612,0.02040816326530612,0.02040816326530612
ASTRAL,0.02040816326530612,0.02040816326530612,0.02040816326530612
==== 02 ====
Iteration,FP,FN,RF
0,0.01020408163265306,0.01020408163265306,0.01020408163265306
1,0.02040816326530612,0.02040816326530612,0.02040816326530612
2,0.010309278350515464,0.02040816326530612,0.015358720807910793
3,0.010309278350515464,0.02040816326530612,0.015358720807910793
4,0.010309278350515464,0.02040816326530612,0.015358720807910793
5,0.010309278350515464,0.02040816326530612,0.015358720807910793
ASTRAL,0.01020408163265306,0.01020408163265306,0.01020408163265306
==== 03 ====
Iteration,FP,FN,RF
0,0.01020408163265306,0.01020408163265306,0.01020408163265306
1,0.0,0.01020408163265306,0.00510204081632653
2,0.0,0.02040816326530612,0.01020408163265306
3,0.0,0.01020408163265306,0.00510204081632653
4,0.0,0.02040816326530612,0.01020408163265306
5,0.0,0.01020408163265306,0.00510204081632653
ASTRAL,0.0,0.0,0.0
==== 04 ====
Iteration,FP,FN,RF
0,0.02040816326530612,0.02040816326530612,0.02040816326530612
1,0.02040816326530612,0.02040816326530612,0.02040816326530612
2,0.02040816326530612,0.02040816326530612,0.02040816326530612
3,0.02040816326530612,0.02040816326530612,0.02040816326530612
4,0.02040816326530612,0.02040816326530612,0.02040816326530612
5,0.02040816326530612,0.02040816326530612,0.02040816326530612
ASTRAL,0.01020408163265306,0.01020408163265306,0.01020408163265306
==== 05 ====
Iteration,FP,FN,RF
0,0.01020408163265306,0.01020408163265306,0.01020408163265306
1,0.01020408163265306,0.01020408163265306,0.01020408163265306
2,0.01020408163265306,0.01020408163265306,0.01020408163265306
3,0.01020408163265306,0.01020408163265306,0.01020408163265306
4,0.01020408163265306,0.01020408163265306,0.01020408163265306
5,0.01020408163265306,0.01020408163265306,0.01020408163265306
ASTRAL,0.01020408163265306,0.01020408163265306,0.01020408163265306
==== 06 ====
Iteration,FP,FN,RF
0,0.0,0.0,0.0
1,0.01020408163265306,0.01020408163265306,0.01020408163265306
2,0.01020408163265306,0.01020408163265306,0.01020408163265306
3,0.01020408163265306,0.01020408163265306,0.01020408163265306
4,0.01020408163265306,0.01020408163265306,0.01020408163265306
5,0.01020408163265306,0.01020408163265306,0.01020408163265306
ASTRAL,0.01020408163265306,0.01020408163265306,0.01020408163265306
==== 07 ====
Iteration,FP,FN,RF
0,0.02040816326530612,0.02040816326530612,0.02040816326530612
1,0.02040816326530612,0.02040816326530612,0.02040816326530612
2,0.02040816326530612,0.02040816326530612,0.02040816326530612
3,0.02040816326530612,0.02040816326530612,0.02040816326530612
4,0.02040816326530612,0.02040816326530612,0.02040816326530612
5,0.02040816326530612,0.02040816326530612,0.02040816326530612
ASTRAL,0.02040816326530612,0.02040816326530612,0.02040816326530612
==== 08 ====
Iteration,FP,FN,RF
0,0.02040816326530612,0.02040816326530612,0.02040816326530612
1,0.0,0.02040816326530612,0.01020408163265306
2,0.0,0.02040816326530612,0.01020408163265306
3,0.0,0.02040816326530612,0.01020408163265306
4,0.0,0.02040816326530612,0.01020408163265306
5,0.0,0.02040816326530612,0.01020408163265306
ASTRAL,0.0,0.0,0.0
==== 09 ====
Iteration,FP,FN,RF
0,0.02040816326530612,0.02040816326530612,0.02040816326530612
1,0.01020408163265306,0.01020408163265306,0.01020408163265306
2,0.01020408163265306,0.01020408163265306,0.01020408163265306
3,0.01020408163265306,0.01020408163265306,0.01020408163265306
4,0.01020408163265306,0.01020408163265306,0.01020408163265306
5,0.01020408163265306,0.01020408163265306,0.01020408163265306
ASTRAL,0.01020408163265306,0.01020408163265306,0.01020408163265306
==== 10 ====
Iteration,FP,FN,RF
0,0.02040816326530612,0.02040816326530612,0.02040816326530612
1,0.020618556701030927,0.030612244897959183,0.025615400799495057
2,0.02040816326530612,0.02040816326530612,0.02040816326530612
3,0.02040816326530612,0.02040816326530612,0.02040816326530612
4,0.02040816326530612,0.02040816326530612,0.02040816326530612
5,0.02040816326530612,0.02040816326530612,0.02040816326530612
ASTRAL,0.02040816326530612,0.02040816326530612,0.02040816326530612
==== 11 ====
Iteration,FP,FN,RF
0,0.030612244897959183,0.030612244897959183,0.030612244897959183
1,0.020618556701030927,0.030612244897959183,0.025615400799495057
2,0.02040816326530612,0.02040816326530612,0.02040816326530612
3,0.02040816326530612,0.02040816326530612,0.02040816326530612
4,0.02040816326530612,0.02040816326530612,0.02040816326530612
5,0.02040816326530612,0.02040816326530612,0.02040816326530612
ASTRAL,0.02040816326530612,0.02040816326530612,0.02040816326530612
==== 12 ====
Iteration,FP,FN,RF
0,0.01020408163265306,0.01020408163265306,0.01020408163265306
1,0.01020408163265306,0.01020408163265306,0.01020408163265306
2,0.01020408163265306,0.01020408163265306,0.01020408163265306
3,0.01020408163265306,0.01020408163265306,0.01020408163265306
4,0.01020408163265306,0.01020408163265306,0.01020408163265306
5,0.01020408163265306,0.01020408163265306,0.01020408163265306
ASTRAL,0.01020408163265306,0.01020408163265306,0.01020408163265306
==== 13 ====
Iteration,FP,FN,RF
0,0.0,0.0,0.0
1,0.0,0.0,0.0
2,0.0,0.0,0.0
3,0.0,0.0,0.0
4,0.0,0.0,0.0
5,0.0,0.0,0.0
ASTRAL,0.0,0.0,0.0
==== 14 ====
Iteration,FP,FN,RF
0,0.01020408163265306,0.01020408163265306,0.01020408163265306
1,0.01020408163265306,0.01020408163265306,0.01020408163265306
2,0.01020408163265306,0.01020408163265306,0.01020408163265306
3,0.01020408163265306,0.01020408163265306,0.01020408163265306
4,0.01020408163265306,0.01020408163265306,0.01020408163265306
5,0.01020408163265306,0.01020408163265306,0.01020408163265306
ASTRAL,0.0,0.0,0.0
==== 15 ====
Iteration,FP,FN,RF
0,0.0,0.0,0.0
1,0.0,0.0,0.0
2,0.0,0.0,0.0
3,0.0,0.0,0.0
4,0.0,0.0,0.0
5,0.0,0.0,0.0
ASTRAL,0.0,0.0,0.0
==== 16 ====
Iteration,FP,FN,RF
0,0.0,0.0,0.0
1,0.0,0.0,0.0
2,0.0,0.0,0.0
3,0.0,0.0,0.0
4,0.0,0.0,0.0
5,0.0,0.0,0.0
ASTRAL,0.0,0.0,0.0
==== 17 ====
Iteration,FP,FN,RF
0,0.01020408163265306,0.01020408163265306,0.01020408163265306
1,0.01020408163265306,0.01020408163265306,0.01020408163265306
2,0.01020408163265306,0.01020408163265306,0.01020408163265306
3,0.01020408163265306,0.01020408163265306,0.01020408163265306
4,0.01020408163265306,0.01020408163265306,0.01020408163265306
5,0.01020408163265306,0.01020408163265306,0.01020408163265306
ASTRAL,0.01020408163265306,0.01020408163265306,0.01020408163265306
==== 18 ====
Iteration,FP,FN,RF
0,0.01020408163265306,0.01020408163265306,0.01020408163265306
1,0.0,0.0,0.0
2,0.0,0.0,0.0
3,0.0,0.0,0.0
4,0.0,0.0,0.0
5,0.0,0.0,0.0
ASTRAL,0.0,0.0,0.0
==== 19 ====
Iteration,FP,FN,RF
0,0.01020408163265306,0.01020408163265306,0.01020408163265306
1,0.01020408163265306,0.01020408163265306,0.01020408163265306
2,0.01020408163265306,0.01020408163265306,0.01020408163265306
3,0.01020408163265306,0.01020408163265306,0.01020408163265306
4,0.01020408163265306,0.01020408163265306,0.01020408163265306
5,0.01020408163265306,0.01020408163265306,0.01020408163265306
ASTRAL,0.01020408163265306,0.01020408163265306,0.01020408163265306
==== 20 ====
Iteration,FP,FN,RF
0,0.02040816326530612,0.02040816326530612,0.02040816326530612
1,0.0,0.01020408163265306,0.00510204081632653
2,0.0,0.0,0.0
3,0.0,0.01020408163265306,0.00510204081632653
4,0.0,0.0,0.0
5,0.0,0.01020408163265306,0.00510204081632653
ASTRAL,0.0,0.0,0.0
