==== 01 ====
Iteration,FP,FN,RF
0,0.020833333333333332,0.020833333333333332,0.020833333333333332
1,0.02127659574468085,0.041666666666666664,0.031471631205673756
2,0.041666666666666664,0.041666666666666664,0.041666666666666664
3,0.02127659574468085,0.041666666666666664,0.031471631205673756
4,0.02127659574468085,0.041666666666666664,0.031471631205673756
5,0.02127659574468085,0.041666666666666664,0.031471631205673756
ASTRAL,0.020833333333333332,0.020833333333333332,0.020833333333333332
==== 02 ====
Iteration,FP,FN,RF
0,0.020833333333333332,0.020833333333333332,0.020833333333333332
1,0.020833333333333332,0.020833333333333332,0.020833333333333332
2,0.020833333333333332,0.020833333333333332,0.020833333333333332
3,0.020833333333333332,0.020833333333333332,0.020833333333333332
4,0.020833333333333332,0.020833333333333332,0.020833333333333332
5,0.020833333333333332,0.020833333333333332,0.020833333333333332
ASTRAL,0.020833333333333332,0.020833333333333332,0.020833333333333332
==== 03 ====
Iteration,FP,FN,RF
0,0.0,0.0,0.0
1,0.0,0.0,0.0
2,0.0,0.0,0.0
3,0.0,0.0,0.0
4,0.0,0.0,0.0
5,0.0,0.0,0.0
ASTRAL,0.0,0.0,0.0
==== 04 ====
Iteration,FP,FN,RF
0,0.0625,0.0625,0.0625
1,0.02127659574468085,0.041666666666666664,0.031471631205673756
2,0.02127659574468085,0.041666666666666664,0.031471631205673756
3,0.02127659574468085,0.041666666666666664,0.031471631205673756
4,0.02127659574468085,0.041666666666666664,0.031471631205673756
5,0.02127659574468085,0.041666666666666664,0.031471631205673756
ASTRAL,0.020833333333333332,0.020833333333333332,0.020833333333333332
==== 05 ====
Iteration,FP,FN,RF
0,0.020833333333333332,0.020833333333333332,0.020833333333333332
1,0.0,0.0,0.0
2,0.0,0.0,0.0
3,0.0,0.0,0.0
4,0.0,0.0,0.0
5,0.0,0.0,0.0
ASTRAL,0.0,0.0,0.0
==== 06 ====
Iteration,FP,FN,RF
0,0.08333333333333333,0.08333333333333333,0.08333333333333333
1,0.044444444444444446,0.10416666666666667,0.07430555555555556
2,0.06382978723404255,0.08333333333333333,0.07358156028368794
3,0.044444444444444446,0.10416666666666667,0.07430555555555556
4,0.06382978723404255,0.08333333333333333,0.07358156028368794
5,0.044444444444444446,0.10416666666666667,0.07430555555555556
ASTRAL,0.041666666666666664,0.041666666666666664,0.041666666666666664
==== 07 ====
Iteration,FP,FN,RF
0,0.020833333333333332,0.020833333333333332,0.020833333333333332
1,0.02127659574468085,0.041666666666666664,0.031471631205673756
2,0.020833333333333332,0.020833333333333332,0.020833333333333332
3,0.02127659574468085,0.041666666666666664,0.031471631205673756
4,0.020833333333333332,0.020833333333333332,0.020833333333333332
5,0.02127659574468085,0.041666666666666664,0.031471631205673756
ASTRAL,0.020833333333333332,0.020833333333333332,0.020833333333333332
==== 08 ====
Iteration,FP,FN,RF
0,0.020833333333333332,0.020833333333333332,0.020833333333333332
1,0.020833333333333332,0.020833333333333332,0.020833333333333332
2,0.020833333333333332,0.020833333333333332,0.020833333333333332
3,0.020833333333333332,0.020833333333333332,0.020833333333333332
4,0.020833333333333332,0.020833333333333332,0.020833333333333332
5,0.020833333333333332,0.020833333333333332,0.020833333333333332
ASTRAL,0.020833333333333332,0.020833333333333332,0.020833333333333332
==== 09 ====
Iteration,FP,FN,RF
0,0.0,0.0,0.0
1,0.020833333333333332,0.020833333333333332,0.020833333333333332
2,0.020833333333333332,0.020833333333333332,0.020833333333333332
3,0.020833333333333332,0.020833333333333332,0.020833333333333332
4,0.020833333333333332,0.020833333333333332,0.020833333333333332
5,0.020833333333333332,0.020833333333333332,0.020833333333333332
ASTRAL,0.020833333333333332,0.020833333333333332,0.020833333333333332
==== 10 ====
Iteration,FP,FN,RF
0,0.0625,0.0625,0.0625
1,0.041666666666666664,0.041666666666666664,0.041666666666666664
2,0.0425531914893617,0.0625,0.052526595744680854
3,0.0425531914893617,0.0625,0.052526595744680854
4,0.0425531914893617,0.0625,0.052526595744680854
5,0.0425531914893617,0.0625,0.052526595744680854
ASTRAL,0.041666666666666664,0.041666666666666664,0.041666666666666664
==== 11 ====
Iteration,FP,FN,RF
0,0.0,0.0,0.0
1,0.020833333333333332,0.020833333333333332,0.020833333333333332
2,0.020833333333333332,0.020833333333333332,0.020833333333333332
3,0.020833333333333332,0.020833333333333332,0.020833333333333332
4,0.020833333333333332,0.020833333333333332,0.020833333333333332
5,0.020833333333333332,0.020833333333333332,0.020833333333333332
ASTRAL,0.0,0.0,0.0
==== 12 ====
Iteration,FP,FN,RF
0,0.0625,0.0625,0.0625
1,0.0425531914893617,0.0625,0.052526595744680854
2,0.0425531914893617,0.0625,0.052526595744680854
3,0.0425531914893617,0.0625,0.052526595744680854
4,0.0425531914893617,0.0625,0.052526595744680854
5,0.0425531914893617,0.0625,0.052526595744680854
ASTRAL,0.041666666666666664,0.041666666666666664,0.041666666666666664
==== 13 ====
Iteration,FP,FN,RF
0,0.020833333333333332,0.020833333333333332,0.020833333333333332
1,0.02127659574468085,0.041666666666666664,0.031471631205673756
2,0.021739130434782608,0.0625,0.042119565217391304
3,0.0,0.0625,0.03125
4,0.021739130434782608,0.0625,0.042119565217391304
5,0.0,0.08333333333333333,0.041666666666666664
ASTRAL,0.020833333333333332,0.020833333333333332,0.020833333333333332
==== 14 ====
Iteration,FP,FN,RF
0,0.020833333333333332,0.020833333333333332,0.020833333333333332
1,0.06666666666666667,0.125,0.09583333333333333
2,0.022222222222222223,0.08333333333333333,0.05277777777777778
3,0.043478260869565216,0.08333333333333333,0.06340579710144928
4,0.0625,0.0625,0.0625
5,0.06666666666666667,0.125,0.09583333333333333
ASTRAL,0.020833333333333332,0.020833333333333332,0.020833333333333332
==== 15 ====
Iteration,FP,FN,RF
0,0.0,0.0,0.0
1,0.020833333333333332,0.020833333333333332,0.020833333333333332
2,0.020833333333333332,0.020833333333333332,0.020833333333333332
3,0.020833333333333332,0.020833333333333332,0.020833333333333332
4,0.020833333333333332,0.020833333333333332,0.020833333333333332
5,0.020833333333333332,0.020833333333333332,0.020833333333333332
ASTRAL,0.020833333333333332,0.020833333333333332,0.020833333333333332
==== 16 ====
Iteration,FP,FN,RF
0,0.0,0.0,0.0
1,0.0,0.020833333333333332,0.010416666666666666
2,0.0,0.020833333333333332,0.010416666666666666
3,0.0,0.020833333333333332,0.010416666666666666
4,0.0,0.020833333333333332,0.010416666666666666
5,0.0,0.020833333333333332,0.010416666666666666
ASTRAL,0.0,0.0,0.0
==== 17 ====
Iteration,FP,FN,RF
0,0.0,0.0,0.0
1,0.0,0.0,0.0
2,0.0,0.0,0.0
3,0.0,0.0,0.0
4,0.0,0.0,0.0
5,0.0,0.0,0.0
ASTRAL,0.0,0.0,0.0
==== 18 ====
Iteration,FP,FN,RF
0,0.041666666666666664,0.041666666666666664,0.041666666666666664
1,0.043478260869565216,0.08333333333333333,0.06340579710144928
2,0.021739130434782608,0.0625,0.042119565217391304
3,0.043478260869565216,0.08333333333333333,0.06340579710144928
4,0.0425531914893617,0.0625,0.052526595744680854
5,0.043478260869565216,0.08333333333333333,0.06340579710144928
ASTRAL,0.041666666666666664,0.041666666666666664,0.041666666666666664
==== 19 ====
Iteration,FP,FN,RF
0,0.0,0.0,0.0
1,0.0,0.0,0.0
2,0.0,0.0,0.0
3,0.0,0.0,0.0
4,0.0,0.0,0.0
5,0.0,0.0,0.0
ASTRAL,0.0,0.0,0.0
==== 20 ====
Iteration,FP,FN,RF
0,0.0,0.0,0.0
1,0.022222222222222223,0.08333333333333333,0.05277777777777778
2,0.0,0.041666666666666664,0.020833333333333332
3,0.0,0.0625,0.03125
4,0.0,0.0625,0.03125
5,0.0,0.0625,0.03125
ASTRAL,0.0,0.0,0.0
